7
A
1 2 3
4 5 6
7 8 9
B
1 1 1
1 1 1
1 1 1
C
123165498498465165498498465165644984984 65496849849846546848949849846132168496 6468498498498946566646
546546498498498498498484984542132116516 56498498798798798798489444984654564656 9849849846549848949899
465454984984984498489498498449849849849 56465484844649848894984623432132164982 6546321651984651654498
D
-1 -1 -1
-1 -1 -1
-1 -1 -1
E
65165165165165165 6546548448468 684984654684
4864564646546546 6546546546546 64654654654
546464658464 84648964894 6546565161651
F
-654654684684968465 26586526465 651654651651651
6651465165165135 6516516846216513 -651651561612321
5165165566 -55616516513 651656665
ABC
1566516 65165 -864651
245464 0 6546532113
-5654651 165465461 -16515
XYZ
565 546 -56
51 165 -564
546 68 -56

